CC01 00000000          0          0          0
CC02 00000004          0          0          0
CC03 00000008          0        256        256
CC04 0000000c          0          0          0
CC05 00000010          0          4          4
CC06 00000014          4        256        260
CC07 0000000c          4          0          4
CC08 00000010          4          4          8
CC09 00000014          8        256        264
CC10 0000000c          8          0          8
CC11 00000010          8          4         12
CC12 00000014         12        256        268
CC13 0000000c         12          0         12
CC14 00000010         12          4         16
CC15 00000014         16        256        272
CC16 0000000c         16          0         16
CC17 00000010         16          4         20
CC18 00000014         20        256        276
CC19 0000000c         20          0         20
CC20 00000010         20          4         24
CC21 00000014         24        256        280
CC22 0000000c         24          0         24
CC23 00000010         24          4         28
CC24 00000014         28        256        284
CC25 0000000c         28          0         28
CC26 00000010         28          4         32
CC27 00000014         32        256        288
CC28 0000000c         32          0         32
CC29 00000010         32          4         36
CC30 00000014         36        256        292
CC31 0000000c         36          0         36
CC32 00000010         36          4         40
CC33 00000014         40        256        296
CC34 0000000c         40          0         40
CC35 00000010         40          4         44
CC36 00000014         44        256        300
CC37 0000000c         44          0         44
CC38 00000010         44          4         48
CC39 00000014         48        256        304
CC40 0000000c         48          0         48
CC41 00000010         48          4         52
CC42 00000014         52        256        308
CC43 0000000c         52          0         52
CC44 00000010         52          4         56
CC45 00000014         56        256        312
CC46 0000000c         56          0         56
CC47 00000010         56          4         60
CC48 00000014         60        256        316
CC49 0000000c         60          0         60
CC50 00000010         60          4         64
CC51 00000014         64        256        320
CC52 0000000c         64          0         64
CC53 00000010         64          4         68
CC54 00000014         68        256        324
CC55 0000000c         68          0         68
CC56 00000010         68          4         72
CC57 00000014         72        256        328
CC58 0000000c         72          0         72
CC59 00000010         72          4         76
CC60 00000014         76        256        332
CC61 0000000c         76          0         76
CC62 00000010         76          4         80
CC63 00000014         80        256        336
CC64 0000000c         80          0         80
CC65 00000010         80          4         84
CC66 00000014         84        256        340
CC67 0000000c         84          0         84
CC68 00000010         84          4         88
CC69 00000014         88        256        344
CC70 0000000c         88          0         88
CC71 00000010         88          4         92
CC72 00000014         92        256        348
CC73 0000000c         92          0         92
CC74 00000010         92          4         96
CC75 00000014         96        256        352
CC76 0000000c         96          0         96
CC77 00000010         96          4        100
CC78 00000014        100        256        356
CC79 0000000c        100          0        100
CC80 00000010        100          4        104
CC81 00000014        104        256        360
CC82 0000000c        104          0        104
CC83 00000010        104          4        108
CC84 00000014        108        256        364
CC85 0000000c        108          0        108
CC86 00000010        108          4        112
CC87 00000014        112        256        368
CC88 0000000c        112          0        112
CC89 00000010        112          4        116
CC90 00000014        116        256        372
CC91 0000000c        116          0        116
CC92 00000010        116          4        120
CC93 00000014        120        256        376
CC94 0000000c        120          0        120
CC95 00000010        120          4        124
CC96 00000014        124        256        380
CC97 0000000c        124          0        124
CC98 00000010        124          4        128
CC99 00000014        128        256        384
CC100 0000000c        128          0        128
CC101 00000010        128          4        132
CC102 00000014        132        256        388
CC103 0000000c        132          0        132
CC104 00000010        132          4        136
CC105 00000014        136        256        392
CC106 0000000c        136          0        136
CC107 00000010        136          4        140
CC108 00000014        140        256        396
CC109 0000000c        140          0        140
CC110 00000010        140          4        144
CC111 00000014        144        256        400
CC112 0000000c        144          0        144
CC113 00000010        144          4        148
CC114 00000014        148        256        404
CC115 0000000c        148          0        148
CC116 00000010        148          4        152
CC117 00000014        152        256        408
CC118 0000000c        152          0        152
CC119 00000010        152          4        156
CC120 00000014        156        256        412
CC121 0000000c        156          0        156
CC122 00000010        156          4        160
CC123 00000014        160        256        416
CC124 0000000c        160          0        160
CC125 00000010        160          4        164
CC126 00000014        164        256        420
CC127 0000000c        164          0        164
CC128 00000010        164          4        168
CC129 00000014        168        256        424
CC130 0000000c        168          0        168
CC131 00000010        168          4        172
CC132 00000014        172        256        428
CC133 0000000c        172          0        172
CC134 00000010        172          4        176
CC135 00000014        176        256        432
CC136 0000000c        176          0        176
CC137 00000010        176          4        180
CC138 00000014        180        256        436
CC139 0000000c        180          0        180
CC140 00000010        180          4        184
CC141 00000014        184        256        440
CC142 0000000c        184          0        184
CC143 00000010        184          4        188
CC144 00000014        188        256        444
CC145 0000000c        188          0        188
CC146 00000010        188          4        192
CC147 00000014        192        256        448
CC148 0000000c        192          0        192
CC149 00000010        192          4        196
CC150 00000014        196        256        452
CC151 0000000c        196          0        196
CC152 00000010        196          4        200
CC153 00000014        200        256        456
CC154 0000000c        200          0        200
CC155 00000010        200          4        204
CC156 00000014        204        256        460
CC157 0000000c        204          0        204
CC158 00000010        204          4        208
CC159 00000014        208        256        464
CC160 0000000c        208          0        208
CC161 00000010        208          4        212
CC162 00000014        212        256        468
CC163 0000000c        212          0        212
CC164 00000010        212          4        216
CC165 00000014        216        256        472
CC166 0000000c        216          0        216
CC167 00000010        216          4        220
CC168 00000014        220        256        476
CC169 0000000c        220          0        220
CC170 00000010        220          4        224
CC171 00000014        224        256        480
CC172 0000000c        224          0        224
CC173 00000010        224          4        228
CC174 00000014        228        256        484
CC175 0000000c        228          0        228
CC176 00000010        228          4        232
CC177 00000014        232        256        488
CC178 0000000c        232          0        232
CC179 00000010        232          4        236
CC180 00000014        236        256        492
CC181 0000000c        236          0        236
CC182 00000010        236          4        240
CC183 00000014        240        256        496
CC184 0000000c        240          0        240
CC185 00000010        240          4        244
CC186 00000014        244        256        500
CC187 0000000c        244          0        244
CC188 00000010        244          4        248
CC189 00000014        248        256        504
CC190 0000000c        248          0        248
CC191 00000010        248          4        252
CC192 00000014        252        256        508
CC193 0000000c        252          0        252
CC194 00000010        252          4        256
CC195 00000014        256        256        512
CC196 00000018          0          0          0
CC197 0000001c          0          0          0
CC198 00000020          0          4          4
CC199 00000024          0          0          0
CC200 00000028          4        256        260
CC201 0000001c          4          0          4
CC202 00000020          4          4          8
CC203 00000024          0          4          4
CC204 00000028          8        256        264
CC205 0000001c          8          0          8
CC206 00000020          8          4         12
CC207 00000024          4          8         12
CC208 00000028         12        256        268
CC209 0000001c         12          0         12
CC210 00000020         12          4         16
CC211 00000024         12         12         24
CC212 00000028         16        256        272
CC213 0000001c         16          0         16
CC214 00000020         16          4         20
CC215 00000024         24         16         40
CC216 00000028         20        256        276
CC217 0000001c         20          0         20
CC218 00000020         20          4         24
CC219 00000024         40         20         60
CC220 00000028         24        256        280
CC221 0000001c         24          0         24
CC222 00000020         24          4         28
CC223 00000024         60         24         84
CC224 00000028         28        256        284
CC225 0000001c         28          0         28
CC226 00000020         28          4         32
CC227 00000024         84         28        112
CC228 00000028         32        256        288
CC229 0000001c         32          0         32
CC230 00000020         32          4         36
CC231 00000024        112         32        144
CC232 00000028         36        256        292
CC233 0000001c         36          0         36
CC234 00000020         36          4         40
CC235 00000024        144         36        180
CC236 00000028         40        256        296
CC237 0000001c         40          0         40
CC238 00000020         40          4         44
CC239 00000024        180         40        220
CC240 00000028         44        256        300
CC241 0000001c         44          0         44
CC242 00000020         44          4         48
CC243 00000024        220         44        264
CC244 00000028         48        256        304
CC245 0000001c         48          0         48
CC246 00000020         48          4         52
CC247 00000024        264         48        312
CC248 00000028         52        256        308
CC249 0000001c         52          0         52
CC250 00000020         52          4         56
CC251 00000024        312         52        364
CC252 00000028         56        256        312
CC253 0000001c         56          0         56
CC254 00000020         56          4         60
CC255 00000024        364         56        420
CC256 00000028         60        256        316
CC257 0000001c         60          0         60
CC258 00000020         60          4         64
CC259 00000024        420         60        480
CC260 00000028         64        256        320
CC261 0000001c         64          0         64
CC262 00000020         64          4         68
CC263 00000024        480         64        544
CC264 00000028         68        256        324
CC265 0000001c         68          0         68
CC266 00000020         68          4         72
CC267 00000024        544         68        612
CC268 00000028         72        256        328
CC269 0000001c         72          0         72
CC270 00000020         72          4         76
CC271 00000024        612         72        684
CC272 00000028         76        256        332
CC273 0000001c         76          0         76
CC274 00000020         76          4         80
CC275 00000024        684         76        760
CC276 00000028         80        256        336
CC277 0000001c         80          0         80
CC278 00000020         80          4         84
CC279 00000024        760         80        840
CC280 00000028         84        256        340
CC281 0000001c         84          0         84
CC282 00000020         84          4         88
CC283 00000024        840         84        924
CC284 00000028         88        256        344
CC285 0000001c         88          0         88
CC286 00000020         88          4         92
CC287 00000024        924         88       1012
CC288 00000028         92        256        348
CC289 0000001c         92          0         92
CC290 00000020         92          4         96
CC291 00000024       1012         92       1104
CC292 00000028         96        256        352
CC293 0000001c         96          0         96
CC294 00000020         96          4        100
CC295 00000024       1104         96       1200
CC296 00000028        100        256        356
CC297 0000001c        100          0        100
CC298 00000020        100          4        104
CC299 00000024       1200        100       1300
CC300 00000028        104        256        360
CC301 0000001c        104          0        104
CC302 00000020        104          4        108
CC303 00000024       1300        104       1404
CC304 00000028        108        256        364
CC305 0000001c        108          0        108
CC306 00000020        108          4        112
CC307 00000024       1404        108       1512
CC308 00000028        112        256        368
CC309 0000001c        112          0        112
CC310 00000020        112          4        116
CC311 00000024       1512        112       1624
CC312 00000028        116        256        372
CC313 0000001c        116          0        116
CC314 00000020        116          4        120
CC315 00000024       1624        116       1740
CC316 00000028        120        256        376
CC317 0000001c        120          0        120
CC318 00000020        120          4        124
CC319 00000024       1740        120       1860
CC320 00000028        124        256        380
CC321 0000001c        124          0        124
CC322 00000020        124          4        128
CC323 00000024       1860        124       1984
CC324 00000028        128        256        384
CC325 0000001c        128          0        128
CC326 00000020        128          4        132
CC327 00000024       1984        128       2112
CC328 00000028        132        256        388
CC329 0000001c        132          0        132
CC330 00000020        132          4        136
CC331 00000024       2112        132       2244
CC332 00000028        136        256        392
CC333 0000001c        136          0        136
CC334 00000020        136          4        140
CC335 00000024       2244        136       2380
CC336 00000028        140        256        396
CC337 0000001c        140          0        140
CC338 00000020        140          4        144
CC339 00000024       2380        140       2520
CC340 00000028        144        256        400
CC341 0000001c        144          0        144
CC342 00000020        144          4        148
CC343 00000024       2520        144       2664
CC344 00000028        148        256        404
CC345 0000001c        148          0        148
CC346 00000020        148          4        152
CC347 00000024       2664        148       2812
CC348 00000028        152        256        408
CC349 0000001c        152          0        152
CC350 00000020        152          4        156
CC351 00000024       2812        152       2964
CC352 00000028        156        256        412
CC353 0000001c        156          0        156
CC354 00000020        156          4        160
CC355 00000024       2964        156       3120
CC356 00000028        160        256        416
CC357 0000001c        160          0        160
CC358 00000020        160          4        164
CC359 00000024       3120        160       3280
CC360 00000028        164        256        420
CC361 0000001c        164          0        164
CC362 00000020        164          4        168
CC363 00000024       3280        164       3444
CC364 00000028        168        256        424
CC365 0000001c        168          0        168
CC366 00000020        168          4        172
CC367 00000024       3444        168       3612
CC368 00000028        172        256        428
CC369 0000001c        172          0        172
CC370 00000020        172          4        176
CC371 00000024       3612        172       3784
CC372 00000028        176        256        432
CC373 0000001c        176          0        176
CC374 00000020        176          4        180
CC375 00000024       3784        176       3960
CC376 00000028        180        256        436
CC377 0000001c        180          0        180
CC378 00000020        180          4        184
CC379 00000024       3960        180       4140
CC380 00000028        184        256        440
CC381 0000001c        184          0        184
CC382 00000020        184          4        188
CC383 00000024       4140        184       4324
CC384 00000028        188        256        444
CC385 0000001c        188          0        188
CC386 00000020        188          4        192
CC387 00000024       4324        188       4512
CC388 00000028        192        256        448
CC389 0000001c        192          0        192
CC390 00000020        192          4        196
CC391 00000024       4512        192       4704
CC392 00000028        196        256        452
CC393 0000001c        196          0        196
CC394 00000020        196          4        200
CC395 00000024       4704        196       4900
CC396 00000028        200        256        456
CC397 0000001c        200          0        200
CC398 00000020        200          4        204
CC399 00000024       4900        200       5100
CC400 00000028        204        256        460
CC401 0000001c        204          0        204
CC402 00000020        204          4        208
CC403 00000024       5100        204       5304
CC404 00000028        208        256        464
CC405 0000001c        208          0        208
CC406 00000020        208          4        212
CC407 00000024       5304        208       5512
CC408 00000028        212        256        468
CC409 0000001c        212          0        212
CC410 00000020        212          4        216
CC411 00000024       5512        212       5724
CC412 00000028        216        256        472
CC413 0000001c        216          0        216
CC414 00000020        216          4        220
CC415 00000024       5724        216       5940
CC416 00000028        220        256        476
CC417 0000001c        220          0        220
CC418 00000020        220          4        224
CC419 00000024       5940        220       6160
CC420 00000028        224        256        480
CC421 0000001c        224          0        224
CC422 00000020        224          4        228
CC423 00000024       6160        224       6384
CC424 00000028        228        256        484
CC425 0000001c        228          0        228
CC426 00000020        228          4        232
CC427 00000024       6384        228       6612
CC428 00000028        232        256        488
CC429 0000001c        232          0        232
CC430 00000020        232          4        236
CC431 00000024       6612        232       6844
CC432 00000028        236        256        492
CC433 0000001c        236          0        236
CC434 00000020        236          4        240
CC435 00000024       6844        236       7080
CC436 00000028        240        256        496
CC437 0000001c        240          0        240
CC438 00000020        240          4        244
CC439 00000024       7080        240       7320
CC440 00000028        244        256        500
CC441 0000001c        244          0        244
CC442 00000020        244          4        248
CC443 00000024       7320        244       7564
CC444 00000028        248        256        504
CC445 0000001c        248          0        248
CC446 00000020        248          4        252
CC447 00000024       7564        248       7812
CC448 00000028        252        256        508
CC449 0000001c        252          0        252
CC450 00000020        252          4        256
CC451 00000024       7812        252       8064
CC452 00000028        256        256        512
CC453 0000002c       8064          0       8064
0528.v:96: $finish called at 454000 (100ps)
